5261
1734
2408
9585
9399
2093
5363
9206
7762
3481
2914
3987
5220
2281
5385
6061
2527
8712
8043
7005
683
555
28
8575
7106
487
1790
7962
8693
8845
3783
7271
3693
8292
8388
9856
3083
3073
4119
7430
7312
3780
9083
6815
2040
1538
4280
5482
9505
9707
6418
7984
1627
2376
1132
3529
6311
1283
5866
7992
5873
3794
3956
9492
7466
1297
2006
5636
5758
3947
8868
5703
7893
1573
9035
8157
1829
1335
5587
7333
8436
6072
2016
3683
8043
9524
9240
1661
4630
9773
7855
6035
9239
8716
5373
762
9355
4370
834
6723
5685
5263
384
1340
8886
6702
5974
658
8318
1963
9325
5633
6187
1954
1082
5803
7152
598
4532
2384
5938
7306
4944
3392
8156
1583
297
5930
6146
5899
3883
1488
8482
2322
7086
2170
5606
9124
4047
6467
2534
1507
3754
2867
7835
7374
4564
6458
8654
7295
5125
7606
6367
9822
5219
3506
5554
5344
6633
4347
6547
96
6070
6879
9626
5511
7906
9892
3002
5435
6876
7779
2723
994
2286
447
2343
1841
7810
6950
2106
9717
5886
4466
9794
6397
4682
2556
7694
4098
3938
3935
3747
7620
359
4308
2849
5139
9808
4191
8517
2247
9343
2997
2104
1452
8622
9913
7332
8445
871
6034
3558
4491
7411
9865
7055
4731
5754
4004
7012
9258
569
4091
4198
4077
4386
5700
9788
5545
4621
367
4876
1067
6493
4240
7800
5638
9485
6820
5573
7559
8536
8449
5559
8374
8872
5775
3289
4459
135
5389
8249
5883
8273
7714
2815
9838
4891
2721
4717
8301
5116
3128
146
5437
8521
2341
2201
7075
6527
3476
9759
1139
153
5658
7490
3865
8322
7031
7940
1875
5028
2476
4831
1705
6047
1113
1698
570
149
769
538
3748
3234
9437
428
5104
6393
4969
1838
3768
1241
7071
3461
9333
5534
8590
2649
6649
3220
5446
4773
3414
7255
371
6779
5513
6022
2100
9860
6391
4805
6951
661
6210
6481
2931
2653
7863
8143
2241
6811
8280
1870
3943
364
2161
3355
7202
4994
2217
3826
1936
9136
6903
8962
104
1570
9038
7802
9606
1881
9703
2703
5655
2276
2953
5663
5501
8122
5736
4864
6383
8804
8023
1442
1953
5224
4571
4691
9339
8847
3501
8705
4840
8760
5227
8522
4878
6518
8205
4703
1492
9332
975
3063
6229
9033
479
5376
8816
6967
8805
9264
5257
7629
8266
9561
880
3916
5494
3643
7212
5558
4986
4852
3555
4642
1399
322
1912
6012
1657
8441
7522
8554
371
1824
4597
650
9144
4758
3696
9015
1507
2962
9922
6490
6164
5448
9033
5212
5816
7687
9673
3257
8643
4527
7541
9105
7805
2320
1949
2841
2038
9501
532
8366
6375
112
2524
1929
9575
5735
3200
5454
6710
1772
5118
2127
9402
5554
592
8125
7635
4987
6566
606
941
6710
2401
6522
8754
7206
8110
9087
7513
4878
1821
6837
399
4089
3516
5868
5664
2326
4517
5953
2114
5248
1090
32
3151
9723
2936
4499
8669
1562
2519
5656
5323
9726
5804
9584
7194
3097
8784
6404
3205
7041
2977
9874
1903
4768
8955
2662
5704
7447
6195
1172
4571
8691
6560
6305
695
2872
3638
3521
4552
7178
4704
458
3057
4026
4249
1752
5545
5949
8920
570
9231
265
4630
7930
443
5560
3820
2794
2802
5375
2541
6266
245
4952
3870
9174
2375
6028
8382
5259
9673
9197
9910
8906
4964
9790
4142
2549
9890
1622
1688
5303
2298
889
6094
1825
4582
6951
3459
3198
5331
4401
5128
3303
6340
4101
2558
9987
8194
315
2323
8694
6036
3527
8411
6795
9623
95
4652
3628
7339
5895
6806
1294
1194
5896
6669
3033
5030
3631
6181
5733
3821
4209
9576
3729
1499
5596
3350
908
1453
2873
7658
9718
7005
8814
7157
2289
1775
5248
3946
8497
4983
4261
7333
34
436
807
3113
8505
9229
4037
788
627
2487
8036
3217
1753
5888
210
9641
4101
1579
1259
5575
6462
840
5012
7863
7791
4239
3637
7194
439
1897
1428
7721
857
3084
5916
1587
1827
49
5181
4278
3051
5427
9548
614
9429
4405
2571
1148
3026
6096
6132
3597
819
9241
8046
8069
6683
2860
7394
9841
2082
5575
2360
1287
5718
7380
3722
2146
8923
5108
7178
8125
8307
2869
3567
2795
3593
4304
8043
6945
9687
1793
7832
2721
2824
4612
4256
6292
2408
9560
7276
3475
3287
4099
2212
5153
9772
6082
102
2152
4566
3851
6593
3103
3790
2913
5153
3397
7320
2163
5637
7966
3177
5026
4075
759
3938
5164
4446
3654
9722
1002
7766
1539
8922
2754
7806
8397
641
1370
1154
8714
8952
6074
1367
3375
4160
5324
3476
4872
5831
6211
7150
3349
4170
6757
8706
2898
2244
5095
8796
4209
3701
3715
7876
1301
2942
24
6104
7662
8056
1759
8500
1820
7796
8325
2797
3713
5053
6106
414
5256
9738
6244
7738
7196
7887
6608
9808
2935
9379
1655
6781
3624
5501
8361
9339
2015
3431
5193
8822
3144
3957
1637
7423
5537
5199
8928
2634
714
2697
9661
1090
2296
5444
9706
5421
3766
6781
7175
7930
3481
5603
946
5126
5487
1286
6816
5086
2035
299
7353
5806
6639
5676
5633
2520
1806
4620
9119
2753
7820
7608
1740
1157
845
5593
8201
266
3895
8854
1005
18
7918
4023
2490
2779
9754
5204
9323
7825
5782
4747
1292
1010
903
2401
9254
786
2295
8031
1861
2645
3533
4190
1720
1306
3019
7614
2741
1559
5396
6655
1366
2654
4840
1891
8756
4607
5165
6475
14
2552
9659
6941
3974
1720
4724
6487
8824
3153
15
6830
5832
1259
720
7935
4871
4053
4453
7718
4146
4646
4671
3789
1335
5457
6011
7532
9940
488
4620
8639
5070
3752
3351
8149
9659
9426
7419
6164
7820
8873
5483
8218
5451
4071
4521
415
8413
1402
7792
1238
6643
2124
3134
82
4659
144
7884
7989
46
6632
7356
6564
4782
7348
5358
1078
7502
6772
5391
507
9670
1999
1694
6058
9473
732
8652
7410
9436
5597
3216
178
8382
236
6724
4532
5887
702
1087
8532
9046
3252
5840
4798
8258
9232
1331
7397
2261
6980
4596
4736
7896
7062
2701
4480
7519
7951
1245
1052
155
1827
7960
5341
7973
9484
5765
5829
2398
5567
1592
1242
2816
6352
5819
849
4735
7600
3003
8038
8418
3924
9534
4263
2729
498
9244
7728
9882
5781
6257
1586
8779
5647
9357
7436
3358
5982
9557
7019
9220
9159
3626
5341
1855
7487
6627
7106
5769
2809
5194
3387
2954
3753
8145
2709
5050
4919
9743
8303
2308
3600
3594
310
9490
8838
4978
50
2107
7031
4136
4217
9398
2587
1434
2945
2249
9670
5452
7683
4850
6446
7316
5323
4114
9047
6881
4892
3169
4538
2937
6736
546
6804
5758
381
3444
6330
764
6195
6881
2843
306
274
3495
7358
2779
6681
2704
6649
2808
2153
8849
8867
2828
8312
1644
6274
9795
2977
577
9918
1295
6024
2568
6839
4832
3387
4404
5217
6383
245
6788
8013
6472
2508
3835
5684
7778
6266
7610
9148
5629
2312
8759
6893
3062
2230
8445
8493
761
6776
7471
5511
4308
9579
554
6395
1652
7301
822
1999
9519
8153
1192
6322
1869
3610
8695
5425
2051
1527
2393
6371
7901
2181
394
6191
4664
3434
985
9597
4873
2485
1374
7594
1613
3708
5147
9029
734
3037
1599
2038
1727
8357
3073
7167
5541
2975
7583
7162
7089
3445
6658
4465
2574
3874
3437
8541
3156
8488
8419
3798
4038
4764
5171
6746
5998
3743
2993
7465
3603
4152
7474
6316
7940
6493
243
1669
4644
2977
2950
2258
3186
5287
1642
6604
3715
2932
9621
8252
7294
5075
3185
2060
2692
7250
3425
3435
8938
2809
6671
778
5301
2443
7859
2148
7537
4437
4353
4075
8622
9299
2864
349
5799
4594
8019
8262
4528
6000
4677
1566
6027
6639
1110
131
7591
8169
8684
2737
615
5182
9672
6878
8362
3032
6951
3091
3531
8575
4113
8228
7
1753
4705
5120
967
537
8977
6691
89
3368
9410
2649
8943
2321
7717
3646
548
4518
2553
3921
6102
8641
9185
1847
1717
2661
689
8219
6966
5234
6293
6627
8260
4567
7118
2078
7796
369
4586
6665
6883
2930
9951
9729
7438
1565
4868
7410
7950
9326
395
1054
4158
7766
399
4586
6250
9220
4886
6130
1318
608
9059
1869
8472
8912
2043
2987
2579
7725
6833
4874
7184
3584
7264
1464
2203
5782
8997
1747
5928
6787
7031
6588
3121
1635
9428
5739
3405
3675
4201
3595
222
4333
9565
7958
3110
3146
6891
411
8359
2594
6906
603
934
3704
9354
772
6843
4689
6173
7749
4072
6715
9840
5152
6707
6233
4117
7197
4082
7692
398
955
5202
2158
8344
4817
2276
1640
3970
4323
9637
5028
2200
9648
5288
1756
9072
5224
9570
7121
8624
2171
6801
2264
8266
3837
570
4799
6294
9669
6942
957
6986
2981
9560
2119
5256
6324
8757
6862
3700
4358
3473
6870
3809
2621
7194
7394
8407
1257
6563
3563
4563
7579
1271
5344
1674
3639
9560
5574
5419
1639
5235
1488
3953
6477
4834
9003
2225
6257
7134
1680
5206
2248
5726
876
4551
8389
6224
7533
946
3193
6115
9634
1239
7671
7535
7877
7124
226
4002
2213
9224
39
5751
4699
1717
9703
1669
4078
1191
7517
9441
5042
4220
9902
7345
7852
3967
7310
6911
2768
2709
542
4438
4123
6707
3267
9819
5341
4682
3027
2203
7694
3857
7849
749
2753
9645
2184
8788
7701
7902
7627
4884
6120
8361
491
1198
5639
1022
4186
9449
9857
8453
7404
5903
9609
8586
4421
65
2506
1842
9053
8200
1141
6553
4224
4841
9957
5658
8227
6244
9892
5514
8321
7050
758
4321
5059
840
7203
8358
4541
3556
3459
6213
8389
3059
8577
4112
5887
7988
7810
8864
1524
3981
735
9574
1554
4864
6573
4882
700
8665
7438
383
8705
7879
9217
7833
3082
5236
7732
2508
8989
6227
5833
6634
1119
9317
9543
5432
4134
7048
5463
5239
6877
5181
463
9370
6928
8212
9596
3976
1351
1014
5320
9424
4400
3727
2571
2020
4085
4470
2589
4580
3484
2522
4041
8519
7117
3306
4894
776
542
1537
3359
3435
9147
2077
7562
3499
545
651
198
1793
6793
5984
1013
8851
2834
5350
1353
6518
375
5185
4419
7969
8624
4845
1318
3761
1044
8470
1450
2626
6955
4035
9661
7281
5570
4048
964
1691
8392
8935
5311
1136
7381
5915
1354
8938
1931
8224
2719
8756
7188
1354
153
5609
6714
3488
3380
4971
1974
4461
1920
9068
5665
3171
9781
5868
4150
2172
7856
8447
9288
1022
1403
4138
9055
3514
5802
4762
9422
8674
2689
4241
1376
436
4340
8703
1409
8376
6071
4121
7609
7298
2724
2136
803
8916
3802
336
5964
691
6530
7899
1622
2979
7805
8738
6316
8050
9690
263
5552
4799
7860
9698
3728
4741
7095
6886
7944
2887
8883
1311
5936
1450
6233
4747
4166
8313
7938
2530
8615
6489
4767
1139
5254
2538
6827
7836
3439
3047
1037
37
7349
5914
3002
7226
6183
4527
4599
9876
7698
1715
3468
2659
7120
8792
1267
6521
7038
2264
6432
9109
9835
9460
1675
283
4188
9352
1528
8733
2492
3100
7352
9864
2641
1385
2728
6718
6458
2790
1511
4187
7012
7151
8022
8310
5548
4897
9896
5478
4558
7332
2088
2254
1292
1685
4249
7831
8875
1887
4872
2408
9464
3142
1535
3332
8343
8912
4451
4705
3787
2607
8764
4864
3970
2111
2069
9582
9400
2329
1417
1206
684
5906
9006
9472
6319
6579
8206
6410
104
9269
4783
6738
7189
3993
4932
9773
3085
7617
941
5111
3024
2510
8554
3351
2143
647
1709
1758
6728
7491
76
4973
5690
6788
1238
1632
6775
5072
829
5450
7239
6925
9505
9678
5577
7784
7742
7351
9509
9649
3244
8325
4444
2663
5780
3076
9601
3436
5266
5883
1761
3668
1717
2126
621
8736
2708
7521
5721
1761
7275
1193
1564
9067
9939
720
8504
5896
7503
8533
7268
1173
4946
9342
1908
8125
4798
6459
9466
4400
9400
4456
9606
7616
2279
9679
633
2536
8588
279
167
9866
5115
813
8571
4979
4039
4333
4484
2300
9403
3293
4877
9168
5989
6118
7547
3861
4381
8000
4671
9481
1027
4362
5643
459
6311
2530
2577
2514
6050
1175
7751
7086
5170
1624
5351
8489
9954
1544
8483
9417
5624
225
9430
326
9591
6994
341
5890
4469
4199
1684
3962
4295
9923
8853
3080
7193
8397
4187
6449
3770
6196
1724
9458
5043
4527
7749
3954
6760
806
5736
1139
7431
1751
6113
4811
5070
2790
4870
6890
1945
2260
3020
1815
4312
3322
4294
411
6431
7042
4793
3161
3512
4578
8923
441
835
8775
3689
8128
7581
6186
5768
2958
1726
8993
6531
2115
2956
9044
5715
9822
94
2922
9421
8196
5803
7841
3172
8330
9392
4438
6704
6751
7760
5558
9703
24
7909
8386
4375
3273
3829
4712
7477
1965
3985
3572
2240
8259
2231
4563
2975
7781
9783
3839
9177
8549
8642
7532
1235
1335
5374
6637
3651
2021
7670
708
7204
6227
1598
709
2482
9536
8309
8341
7253
2197
2003
3540
8027
7661
9042
2932
9790
6449
8793
5317
9828
1679
3730
6063
1925
6
6013
587
3416
4801
9646
7199
3174
6622
8850
1091
4704
1401
5791
1556
2619
4313
7929
6229
9465
7303
8480
7645
1924
8183
2999
258
4180
1317
5744
9279
5168
2077
9922
6292
3057
742
9660
299
7585
2380
6164
2658
339
2600
9624
9818
8908
623
8262
9835
206
9332
423
8306
1110
2362
7462
2808
9756
1658
6222
7888
1847
5982
929
508
1027
9016
7013
5980
6698
3025
6584
181
1535
8610
5941
4586
2411
8216
6735
8266
1790
6648
6794
437
455
5599
2073
5676
5151
5860
2593
2916
271
9789
3629
2727
8242
2603
4075
1687
7620
4787
9459
3647
7690
3961
5656
7433
9260
2731
7047
3781
2253
711
1821
973
9147
1738
8997
8994
8066
8631
6718
353
4683
8144
4298
2696
625
4419
4531
9104
7668
3300
6425
9574
6086
1731
1367
9785
1731
7514
4707
7490
9006
2326
195
987
983
8191
5485
4190
4825
8949
183
4091
7519
6345
8174
229
8726
8277
6658
1561
8461
2489
1101
2956
4937
3379
6500
4465
2037
7194
1558
9396
6055
3703
7282
9525
8542
7473
5782
7524
2391
1475
6418
5221
191
8796
3978
7360
3395
1091
1578
489
7395
2517
3252
3319
8885
6045
3141
9202
4485
174
2117
4542
2778
6208
2637
8319
1188
484
8531
4167
4705
8086
497
9763
1264
3774
3876
6575
2189
5331
80
1217
5866
4733
7473
2217
7038
325
1980
2083
1479
9179
5300
2357
3276
3972
3816
6651
9661
7822
4905
2765
5980
7153
8474
858
3844
9731
6080
9492
9943
952
6297
1479
2038
4741
3641
1319
7930
8207
6479
6949
2480
4373
1606
9261
112
5895
2551
2656
7198
2705
1420
665
4665
4840
8047
6557
3330
6159
8417
4324
8311
8518
5351
1839
2124
9888
1071
7349
8891
2304
912
3566
8562
3583
287
955
3211
9869
9454
4751
1834
8418
767
446
7215
7663
4166
5041
9771
1397
3612
2035
7711
9921
6928
8940
4575
5571
664
4903
7766
6314
4517
3281
9940
1583
84
9729
6674
4570
4609
6686
2405
3716
8150
5234
9681
842
9618
4361
8709
9594
8228
325
820
5694
1174
7042
6180
4322
8999
7889
8095
4899
7633
5667
23
6342
9001
7811
6279
2402
468
7313
7620
2620
2118
1911
7346
6029
3382
9609
3923
9202
4270
9966
7658
4639
1215
1429
3086
6416
9601
7078
6762
8302
7591
7959
8801
8939
6017
1271
9374
9194
5099
5851
714
1358
2659
9218
7607
3885
4792
6502
5945
5904
798
4370
9508
6282
3533
2811
2785
5842
1433
2636
7690
7455
2141
1010
5460
432
6177
7120
4637
9637
442
0
5163
6173
6496
1175
1828
620
7211
7796
9787
1801
8198
693
9848
1042
6854
8181
7249
6156
3748
4518
2596
6539
2486
3447
8567
9689
9500
2866
7862
3943
2805
9541
5291
5326
6002
8090
1388
9392
3058
3413
6542
784
8829
8634
1400
6187
5117
9977
8098
9809
6406
7975
4268
9540
3045
458
7243
9948
3398
4672
2910
7540
7424
3725
7807
9380
1788
4655
9877
2012
6595
9759
5141
6522
1253
5367
8313
1961
3669
3450
2921
9126
65
4100
2182
4400
2592
912
8966
8203
5957
1616
4345
9280
5264
4156
8234
8389
2435
1162
2305
2804
5217
5446
5285
9339
5314
862
7295
8208
1188
2333
5257
2639
3740
882
9829
5617
1290
7212
3083
2394
6490
7732
6986
4448
7527
2279
3808
2771
8842
7215
4933
4541
8512
8093
3233
7591
7289
5700
7517
229
4941
7317
1399
9423
2217
4019
5327
9981
2631
7138
1630
6831
5212
5441
9735
5462
1466
6129
1141
2978
2070
9505
4004
4761
7716
9304
2412
9697
7630
3870
4760
538
4484
5526
6261
8795
2605
8124
9958
7927
8571
6535
5060
5532
44
6892
9266
1848
8493
9807
478
968
9450
2902
4148
6878
8337
3419
8653
670
3252
9806
9044
5397
1404
5509
1353
7063
3579
6737
8367
9907
2394
7759
1744
6389
6193
3031
1520
1545
9941
5860
7422
5991
2427
8432
5687
5311
7771
9980
5765
8481
784
5961
9205
4409
3851
7814
9366
1526
9975
2854
9261
5686
9240
7085
3078
8784
2045
2359
1173
7021
4180
8501
2074
2067
2540
4580
1618
816
3254
780
9402
207
9637
4483
1775
1370
4404
1083
8849
9645
3862
6383
8710
5810
2473
9637
730
2959
3236
5647
9972
8952
9631
9860
228
7201
4674
3591
9849
1733
7638
7121
7487
1788
1575
5904
2341
2652
3675
7258
7389
4511
2716
1167
428
9789
545
2459
5713
3670
8459
9397
5634
3886
3595
1544
8466
8741
6689
139
9696
2722
2799
8814
9993
7563
108
8291
3916
5892
4420
3367
3934
1154
1244
828
6644
6314
7940
5924
6078
7482
1669
2556
8788
420
3450
5571
2935
3187
8892
7029
9050
3755
9797
9736
7050
7889
