6196
3537
8678
6164
5064
5978
643
4847
1369
9242
2624
908
4688
3681
8147
8800
697
57
8282
4297
8346
9408
9925
639
7699
1607
9578
3141
6528
166
6748
2306
1852
5433
3365
823
5568
1707
2304
5501
8809
8366
8212
3084
5512
69
5019
8746
6178
5854
3473
2894
1944
9854
6455
7136
785
394
4662
6687
4163
9424
2241
5550
8384
3281
6868
6236
4077
1563
9657
4862
3342
1622
5049
1051
4141
1435
7807
6149
4714
5740
8952
7551
4988
4084
4679
7343
2726
1020
8037
1089
1765
711
5285
9397
9237
1211
2742
5414
4018
8829
9041
6024
8812
7607
1250
3741
5108
6072
8516
836
5220
7000
9701
3871
6139
4230
6457
5184
9430
8209
4906
4911
8650
1215
4732
9514
3581
8909
8111
8458
6804
7652
3342
6878
1095
8868
20
3510
9041
3872
4126
4973
4004
5541
587
1348
2761
7992
4593
7271
2885
2524
5689
7311
6023
6076
9290
2787
781
3051
8387
7307
6103
5269
7250
1779
3395
5298
3554
1449
6727
9879
6337
1187
5390
2920
4735
2640
1097
8782
8754
6121
8519
4337
2247
99
1903
4034
1315
164
6970
6248
2983
5887
7358
2885
9426
78
4644
3123
2576
7947
7659
2017
4736
7291
774
1652
276
6327
5312
8268
8513
8312
5632
6068
774
1503
9687
4517
8458
7007
8518
3176
7614
7208
6525
7974
1745
4832
6606
1326
1570
6799
5008
225
6160
1431
3600
6862
7310
7662
4897
3957
6962
234
2852
5338
5644
616
9459
5289
2420
2905
7623
5152
428
5994
2297
2669
2869
3678
3141
7988
4109
1050
2251
9901
8165
5597
319
4457
6897
6441
1
1887
4153
2290
5847
9223
8157
1778
3750
6945
3669
5335
3967
8243
8373
8266
3893
4382
6880
8253
6285
3260
5764
7664
1759
5672
4227
9551
5257
9417
130
3948
8771
6236
170
1636
7229
366
3531
9649
7812
5267
6096
2908
9315
6181
2798
9964
6806
749
9079
2928
8266
3191
9003
7572
4097
5013
9534
8659
8754
3187
4900
2298
860
9458
3560
2437
6954
3123
8220
568
4466
8657
3051
8700
9944
1403
1642
900
3296
4925
8733
3050
9265
6411
951
8331
1044
7738
5545
2956
7452
7530
8971
3800
111
4739
3864
183
3970
2634
3699
2844
9812
8849
5064
4107
8609
9945
3694
8437
8134
740
8856
5201
7588
3691
2314
2969
3101
6009
809
110
572
1266
4395
1897
1649
5460
3150
1648
4714
2984
453
5089
9741
4805
1788
5613
449
4466
2012
4868
3437
901
234
6953
1944
3868
5658
3201
6944
9543
7714
8814
5622
640
121
5650
9094
505
7182
8899
2980
8161
452
8890
5682
7314
91
6423
3966
3834
1306
2628
7240
9523
3432
532
4241
769
5531
8968
5599
2152
2791
7822
4558
8920
3112
4983
4289
7510
5467
835
1925
4120
5110
6012
7366
3948
4600
9371
6058
2725
11
1322
4556
8788
3286
3159
20
7567
3471
9506
5873
9824
3902
7188
2216
7869
3196
6636
7158
8447
7418
2311
8385
3521
6318
8986
3069
7415
2521
1055
7419
5896
2548
3658
1356
7898
1240
9527
4819
2009
5948
8978
7544
1091
841
7971
6008
7507
6426
7364
8202
184
2799
3600
3101
1569
5793
7049
525
4407
6432
2518
7524
4359
8167
9416
4685
7242
4769
951
1827
5555
6917
4589
9816
7045
8493
3199
9779
2334
1221
9604
9104
6692
990
3811
6779
6411
82
8301
7063
416
9474
3172
7273
9748
7275
8327
7458
3912
3831
6667
5465
9618
3439
4535
4134
3770
8686
1772
7979
3955
5729
7087
6110
9753
891
9109
177
6051
5765
9914
6914
581
3106
333
9341
8022
9745
1115
7632
9592
9676
3559
2599
7593
5101
1395
1414
4293
5535
94
1301
7462
3506
3866
1509
4953
8825
408
7441
9822
318
8211
3008
4748
9958
917
774
4862
3422
2026
4762
6286
9060
4511
4291
9533
6243
8886
2123
4844
8678
298
5333
5162
4877
6937
6955
3482
8845
1298
9824
6367
7762
7612
7013
1127
6544
8065
6935
4066
1095
8694
1877
4414
9749
6008
3279
8833
4949
2164
9834
7921
2565
1474
7024
3123
7557
4975
1236
9214
5499
3670
5235
9835
6196
2283
8342
9708
133
3444
3108
470
7519
804
4612
3212
7889
3412
5649
2505
4840
5264
6678
2250
1073
2220
6056
6005
3902
6081
7171
5242
71
2632
8284
2581
7544
290
1382
2509
5481
3538
5697
2076
3163
2311
1324
4443
2093
3865
8363
5354
670
207
5924
8857
8989
1595
7555
2821
5533
5411
2973
3810
2804
7245
9825
674
4595
3990
6298
4399
3951
5391
9186
5915
1646
8932
8449
9361
2093
7546
8019
439
6046
9589
103
259
2463
4099
6179
9223
1877
744
9077
7578
9544
7015
1445
4837
7415
9402
6166
5350
621
5263
939
8500
5659
7439
6022
5328
3285
8443
7483
7909
7641
1781
3556
5772
3625
3064
6958
8014
7978
3477
384
646
709
9628
395
2562
9083
6275
3213
5958
2005
2278
8112
3677
9417
1851
335
1102
1128
912
1865
2007
8709
2324
2286
1816
528
4415
2918
4302
9744
9438
9377
8202
8336
783
1369
7422
9712
6325
3155
8051
7180
3224
7813
6010
3097
7917
4737
2717
9804
6430
5072
3745
4629
7925
3770
1867
1256
1674
7697
7116
6700
406
7357
9450
44
5268
8578
4956
7100
9331
1342
2209
3173
8570
8558
9662
8417
3673
5936
8034
8835
8023
3939
8104
4093
3950
4891
6121
9701
7567
3185
3771
6769
8290
3031
2937
9999
143
5625
5760
2145
1058
9823
372
102
2463
5791
4717
7140
4386
6559
9185
3025
1377
3768
415
7745
3568
4422
4325
3754
513
3788
6239
3027
8246
6388
1517
3403
7396
9460
4335
9814
102
3404
3472
6113
299
9644
1692
3415
3837
2275
9086
364
9839
610
1995
1638
1346
926
6437
2332
7844
3141
6621
6135
8917
3576
9576
2325
8583
102
9596
4060
3602
7561
4280
9243
2034
4057
5246
8108
8094
7999
9501
5126
693
7669
9423
5311
4838
7912
4811
6703
8380
8383
1784
4272
7028
5302
2736
4241
2717
9987
3852
2889
3771
6281
3394
2728
2248
843
8919
4265
6440
4888
6818
4356
8983
4804
4831
6577
6033
6168
3149
1591
6189
5824
4533
5922
5575
9762
7111
9202
7897
8270
9922
6304
8005
7185
4896
3708
6769
1460
9884
5505
6688
1953
6673
9546
5305
4853
6320
927
2694
769
3453
7751
1132
4283
2055
8401
8129
3809
9154
6894
655
6381
2947
2757
4147
2916
6231
666
3346
1033
3904
4601
9530
9407
8045
7100
5744
6699
1141
5756
3195
7847
7856
7157
2347
4291
6306
9234
3095
4871
5061
5143
3763
8659
9522
5661
2042
5351
4923
7095
8062
6430
1128
1348
3497
1093
796
4126
3886
3402
8067
7455
8417
6032
7515
7763
9344
1454
9915
8680
7725
8407
8996
1025
1625
1540
4227
155
7790
3245
6800
4839
4729
6584
5735
4262
8146
9592
6320
3827
9577
8838
4413
7897
6335
9661
6496
8181
6158
127
7670
4295
3030
7061
883
3426
6837
4996
7131
5603
2146
8235
3770
4478
3799
7817
1954
8867
6904
5003
8815
4336
692
1155
4008
7328
6359
68
3556
5585
6761
3018
6229
163
215
8055
6534
2653
8108
3463
9501
9033
6347
6981
7693
3631
6012
2230
5692
6160
1793
6275
4379
2809
8819
5813
8055
8535
9070
7817
8906
9865
8821
291
7535
6401
8948
6862
4769
4341
9216
7265
5214
3490
9373
3422
7453
416
8268
7572
1593
368
5102
9988
6953
945
6202
2608
8702
4707
3959
4895
1576
7379
4375
1886
5157
7924
9856
9952
4983
6767
9335
6230
3889
1921
7915
3658
5646
8595
8828
8277
3950
6887
4710
4385
2093
4014
2126
7688
1858
6694
9719
5979
1889
945
5073
3807
9629
1601
9808
8401
9822
559
5460
8266
7834
6794
8042
4462
2243
4109
8382
7055
3982
1401
4587
734
1355
482
9489
5089
2838
5846
2674
6000
8056
4967
8937
330
8602
9962
1415
9748
6664
7352
9595
2961
6382
9842
2958
9950
3282
1537
2216
1412
845
9995
3410
1008
3447
4082
7305
6911
7486
7062
2219
6787
7891
5739
2626
7603
3281
2357
3434
6014
5850
6256
6417
9200
5664
3884
9882
941
989
1941
4589
3306
7248
4096
2143
7355
581
6610
6089
1127
3423
1195
7111
1895
5572
4287
3328
3038
5093
901
4573
6435
9609
5609
7448
505
4021
6668
8435
2479
6362
6987
689
1971
5275
2893
3237
8834
1721
2213
8229
5323
1356
1192
1594
8625
832
6168
759
5151
6875
1167
6308
6357
5959
9848
4774
8049
1088
9366
7196
3097
6699
9048
4328
821
5744
5860
8809
7114
8070
1472
3137
3616
9226
1233
3191
9173
8604
2858
7836
6618
8758
1190
6402
1675
9545
8960
3149
5036
3333
863
1898
2367
5589
3808
503
2931
1429
2891
8670
502
3826
7912
4545
2074
7356
5146
3987
8022
4730
9273
3345
4947
4106
4398
6028
487
2163
5751
9763
6047
7865
5754
8833
5476
684
1798
9232
6944
2174
3589
3689
5050
4575
7950
5418
2846
7255
7688
5458
2120
2143
9112
1404
6366
1916
859
9349
1933
6441
4751
3339
3164
9039
9899
3797
2573
7444
5840
489
3458
7262
3223
5358
8460
2722
2345
415
5982
606
2525
1255
5536
1343
7404
9263
8271
2911
561
5762
1442
3806
3533
4538
2472
7932
1575
1529
2429
8913
8480
6885
7228
6169
8787
6096
1181
6096
3771
8675
1599
1909
2960
6247
5009
8510
1689
4736
299
344
6901
135
8682
2904
2021
2050
8408
19
9233
4338
9801
1463
4395
6504
8913
1156
9024
1300
7492
5339
2378
8748
3510
8481
290
7286
9985
5215
4867
1843
9492
1658
8554
2999
7208
1354
4202
6345
1998
4777
4861
4051
5476
8329
7252
5254
3591
1762
6303
1182
6595
9080
1000
3837
7653
9637
6809
1047
4481
5896
5998
666
2207
7689
7909
2263
6944
2551
7842
8161
5071
1729
4895
5729
4483
9245
8961
3140
4337
8568
6117
706
1806
2347
5641
3659
242
8774
3608
5359
6151
2203
1693
8266
7409
4490
9641
5819
120
9333
239
8432
368
5711
4844
6720
9690
4086
5012
1684
1507
489
327
9315
5178
9239
2915
5800
703
2615
8547
434
1767
4302
869
1784
3052
4448
9626
5799
7329
8342
102
8233
9251
9400
647
8164
4507
3559
6930
9996
9921
5113
8824
9701
6682
3314
9096
3690
8802
780
7151
9939
8948
5395
8458
6375
6565
4752
1164
9006
1649
1951
1947
2048
1806
591
8212
1968
8285
389
5279
6447
9039
5277
5901
9070
7891
2223
4381
2180
9389
7930
8255
6439
1491
9551
8704
1691
4897
1373
9652
3588
1804
7364
1073
250
6291
392
9687
7528
1618
2820
6126
3457
7265
7736
2329
3904
4681
1009
4982
681
9446
6228
3527
8562
7543
55
7418
5896
4882
6747
1172
1071
6341
4217
4717
3817
8280
6040
1685
1090
8126
7801
4421
9910
8555
1727
2143
5600
6319
9662
551
3920
3695
4031
2555
2535
9365
6461
3006
2690
478
4863
6578
3681
4849
1938
1075
1107
5504
2050
3633
4976
6022
3782
6358
5602
1137
2325
6902
3121
873
2024
8499
1178
8862
3006
48
1803
8640
3126
3614
4237
3143
3692
6786
5966
9363
323
7207
2267
6030
459
3744
5687
734
4959
4070
7914
9479
6527
6527
7336
2412
8965
6352
2220
150
3493
8601
6417
6333
4678
8590
6974
6259
9495
1927
4668
112
7040
8461
7589
8504
3990
4164
4698
4617
6074
3768
1456
8497
6703
5744
8041
8172
6551
8288
7115
4474
3449
9930
6047
4191
8240
4180
8728
9044
6707
6053
3693
4972
1996
6776
7029
5713
6424
3619
4478
428
4058
7282
8058
3587
3260
2636
5239
6572
8483
2423
4617
2400
5885
8968
5462
8219
3674
9058
6142
4640
6052
3936
1813
7034
6877
6862
143
4812
4132
5712
1671
2826
2131
6918
1611
2081
6423
5496
7703
4385
7181
3227
5404
5883
8006
3590
4461
6501
1511
5870
6934
7562
1887
6252
5594
1294
8709
5841
2599
1695
8462
2016
8328
4456
7096
8313
8663
8639
886
6262
381
9214
889
78
87
1887
2359
5576
4038
7104
8650
713
6100
5317
7768
9438
446
6621
1434
1589
8514
253
3755
7990
9366
2889
9903
9311
4818
3953
6877
4140
4364
4776
2267
2854
5854
1935
1700
722
5110
7760
9305
7946
8842
9527
8417
3113
5973
1562
7854
6432
4899
9434
2686
5574
6181
3906
3178
5068
3233
3739
9487
4045
9609
6082
166
1765
9654
2945
8450
4649
7137
4554
870
3620
5565
3779
9232
8530
9445
8954
2166
468
2750
2490
4411
2260
264
230
9198
947
4326
8210
2672
6046
4551
5537
1136
7871
5409
7640
1508
9776
8346
4274
3158
6122
882
1117
6521
9995
32
4369
9478
1078
7671
7537
4631
8597
1908
1066
4832
5289
9479
200
565
8690
364
3528
4107
8794
6965
1656
7791
7867
3157
9419
2685
49
1036
4488
4463
9210
6458
9842
8482
6650
6066
2195
8454
2171
9037
2625
690
9970
8647
9058
9809
7101
3050
7228
221
1448
4117
4821
54
3743
3096
6873
1135
9037
8991
602
6454
7986
8248
5778
6526
9188
1811
2372
8827
2861
1126
2160
1593
834
4666
2373
9208
9427
6405
8352
6776
6334
7076
6419
7678
5502
5717
8289
2528
4657
6175
8502
7635
3880
7678
1092
5262
327
8623
6760
3178
5372
4884
2042
8664
4156
5124
7107
2287
7113
5778
3721
7265
4256
3081
9094
2922
5918
6081
2375
1860
4963
816
6016
9225
4207
9792
461
9510
2456
8184
8307
1159
2110
6218
5588
1797
3798
1865
6689
1626
1762
1621
9371
7293
8369
5205
4978
6366
339
7311
3358
7039
8405
4950
6588
5676
4859
4065
5344
5753
2427
9508
8697
4119
9814
4654
1986
5507
1682
3470
8452
2459
8530
9250
2873
6574
1239
2253
4107
9711
1167
9924
2299
6756
6460
7894
7374
3761
7376
1430
3874
3981
3076
4998
3326
2158
984
9570
2023
7990
7205
8070
4318
4537
9758
2172
4615
5065
9108
7334
469
4112
4392
3892
6465
713
556
1091
1498
4476
3
8354
8166
2676
39
6802
9414
4671
5433
1594
4807
4385
1730
2916
4549
405
2424
4328
8234
3281
1181
9266
7636
3173
7154
2306
6021
3200
7016
4145
1572
6751
3351
4523
625
7155
4615
5277
3669
3886
5804
9467
8935
4186
9311
9566
4731
1013
310
3065
134
4988
2470
8087
2029
9587
5599
355
8778
6207
8886
212
80
2352
6400
7570
1062
239
41
5977
4847
9311
6741
6649
875
2851
8846
6759
5830
7868
4572
213
8846
2189
2594
5400
6706
9261
3781
5083
2261
8584
6712
1760
82
6099
6162
7646
4826
8026
4753
8764
3160
6808
3560
4216
2518
8513
2468
2692
185
1567
4556
6589
9014
5320
5319
8570
904
856
7
8702
3018
272
8099
9337
7374
2683
3218
4689
800
3417
3
8136
7413
2346
922
1739
3117
1000
9957
8503
7047
401
3260
4616
2644
208
7815
9887
99
919
5305
4319
7708
7995
9738
8820
6616
3532
5379
5408
4877
7568
5282
2979
4264
5803
8174
4455
1331
6892
9252
2918
2054
5463
3967
1656
9305
9290
5127
5116
8296
8207
4752
2642
9551
8717
6451
7203
6084
8251
1817
9326
2485
4499
3636
6592
8054
1198
7656
7471
1661
545
8662
1875
9
2180
8010
2274
1852
3371
714
8646
713
8067
9839
5693
3032
6458
3648
3228
4759
9883
5321
3713
7403
4453
8427
2484
2756
6152
9421
4504
6398
203
5856
3780
5251
2812
2640
4057
2974
7509
438
4496
9643
9655
3018
8530
8555
4982
9510
8306
3315
7457
6774
2042
9763
7836
7163
3281
8132
492
6335
2710
7499
5614
8675
7036
6154
916
149
6002
2678
2045
5325
7582
5299
9568
1397
4597
635
8437
2345
2281
2045
3168
4244
2288
3858
3307
5962
2573
8843
3134
4660
157
9383
7902
38
9552
6385
4879
7917
337
245
1399
5892
6244
5235
9249
3429
6252
1580
4219
6844
8678
1866
9676
6871
1445
2428
8213
8362
9866
3294
1763
7712
7760
4359
1886
7228
3234
1116
9906
4300
7034
8882
6119
9023
8678
5120
6927
1229
4312
4243
5547
2693
6539
8476
8394
4436
4478
6292
6831
8305
7662
15
782
3238
1844
7214
2548
9992
6935
1887
1648
9095
9872
6735
3777
6273
9689
9023
9805
7649
2928
132
6395
4902
814
6088
2349
7950
3966
6687
126
5697
1516
2724
6660
8345
6700
7841
7458
7503
2372
6413
7469
2545
2487
592
7449
9327
527
1042
5247
9926
2390
2130
6941
2852
3921
2419
9226
4169
650
3072
484
2622
1400
335
9656
32
3309
324
1597
6821
5916
6108
3950
2575
6917
2314
466
8766
4462
6463
7626
6191
1983
8930
438
3634
2218
2303
8980
9370
5494
1755
5270
2830
6055
4710
3887
8668
6043
2761
26
4813
4307
4895
6
2324
5644
2400
4162
6207
6249
9657
6993
5040
7951
5831
2490
710
940
7297
5151
3268
1701
8230
9944
5635
7691
5116
124
1683
7545
4503
5515
1580
4221
3978
2858
8740
864
6424
3643
8009
2052
9747
8825
7837
5961
6438
3629
8498
8508
1886
7232
8683
5676
3842
5406
7698
8746
2308
7875
8312
6060
6816
517
2743
6830
609
6781
6883
6183
7651
3987
8815
3139
2083
181
2315
8946
5186
8643
3227
2140
6616
6730
7699
5103
9958
5852
4495
7223
8388
5609
79
6344
7321
4092
4176
3515
1864
8227
7989
1059
6999
7036
8292
27
1116
3161
5389
6478
5360
7568
5253
5538
5269
8754
8977
5025
916
2614
7086
2326
5326
6609
5053
9505
2453
339
1963
2790
3363
2097
9599
1336
7416
2267
557
6878
9089
8554
6071
3168
4291
8840
1155
5040
7880
1883
5208
231
8128
6751
1282
7611
2104
3103
2293
5354
5448
5568
6686
1221
5702
9787
7684
4284
1129
4740
6782
6226
7080
3131
1502
6973
6752
4927
7435
5276
2388
3562
5372
1045
3919
3981
224
9962
