7895
1376
6485
5152
5644
2813
4922
3804
6983
5962
866
4820
8184
1646
3871
3785
2064
6793
5439
5984
4316
4526
6743
3579
3992
8365
7996
928
3716
2033
8976
9896
9428
1507
6522
7750
6305
4473
8254
7825
3613
7791
4604
3552
9987
4848
3429
1394
3965
6049
8551
887
1344
9690
2857
9694
8642
6978
1122
4267
5196
2054
1141
3092
5882
3061
9526
4953
3199
6667
3536
4126
4149
9864
6559
1047
7298
5341
3496
9263
998
418
2473
3572
3057
6950
9483
3922
2449
9060
1156
3914
8137
1599
7465
351
3198
3370
80
3854
571
8647
8787
2167
7364
4633
2353
2828
6311
5367
2206
6917
1742
7920
3883
9741
5281
5494
784
7036
1929
5321
5270
4146
2752
5441
2289
1613
2947
6662
5723
7351
3401
671
3404
5056
6541
1766
5476
3987
6503
3605
315
455
7034
3695
2815
4276
9110
9773
4573
7824
8253
5523
8956
8534
9763
4511
6050
5761
9838
9901
9514
2986
3389
58
8749
2684
2853
3363
9693
480
3623
6472
6833
7738
941
7971
6346
1055
419
8447
5557
4418
3778
7175
6329
5385
7175
4973
8848
8800
6211
9219
6642
3834
9227
3817
7068
2864
6976
1507
6352
2472
281
7654
2342
4946
8956
0
6544
449
3388
5985
2668
1701
3131
9226
162
9105
5681
1824
5997
6334
4917
4988
8231
6123
8952
2162
9724
8767
8753
2684
3536
3565
1506
7651
6829
7795
7242
9786
8165
4335
3620
4534
966
9581
3389
5422
2651
4450
8051
7211
5631
8782
9320
187
3916
1746
5510
4009
2002
3422
1453
3713
8371
4789
6263
6258
3322
7904
732
372
1564
555
8913
9395
2904
5584
572
5512
2136
5758
5410
5170
4633
5365
2370
4838
9606
65
74
1584
8048
9569
8663
901
7387
8931
2042
4135
770
9102
2277
6164
1707
3131
6790
3691
6180
8304
9690
5979
4332
970
1139
7306
3919
1767
7508
9951
5898
158
201
8798
8860
219
5779
2477
2061
3403
833
8119
5288
4416
6186
8028
3332
6385
7111
1362
6241
5186
6654
1453
333
7787
2472
5959
2054
6567
7716
4844
3561
2347
5861
7892
4874
113
5894
6125
397
6977
2750
1157
5248
8539
8223
8209
8443
1299
8616
9229
896
1977
9258
9297
9117
3796
6215
4540
7265
7706
854
7615
4154
2878
8436
4328
1596
5047
9460
5210
1102
5993
1991
5989
2975
7203
9047
136
1030
2948
9597
1967
6887
7578
4370
1098
6017
5097
9443
7245
5092
1364
7725
3581
4992
6122
7576
9006
1736
8448
112
3750
1925
2680
4911
7100
4744
9323
6006
739
6807
1112
7226
5341
7625
8681
8923
174
5564
654
8655
4174
9027
7224
8334
8634
1950
3444
9270
8840
4833
9601
9679
7381
5991
112
1369
878
1039
2536
2017
6855
6420
6563
5347
330
2874
9673
9801
7855
9476
9735
9585
7460
8547
3451
6268
6906
4873
5134
3539
9149
4332
5342
2181
4829
2421
4823
6443
9581
6056
5022
2668
1304
8382
1338
4700
6587
2318
8943
1055
1074
4427
2376
8156
2115
1895
9808
4796
5249
3509
9950
626
9790
5803
8939
8772
3601
5782
9696
2567
6223
8408
1664
4186
8585
6300
224
7017
8546
3898
4783
7441
8860
5910
1046
1971
4110
7331
6973
9458
3779
6869
8534
3174
3249
8964
6906
5331
7141
9804
735
291
8664
7298
2851
7744
5664
9473
8936
606
870
1313
524
5157
5535
9993
2627
9436
3177
9948
211
480
4180
1487
3628
7845
938
3546
4898
36
5132
877
2489
6754
4747
3674
4907
1921
1424
7776
6216
3583
184
72
5627
2668
6480
1288
6197
8458
5673
7764
7497
8861
5831
9317
4979
4673
6844
9906
2469
8187
9980
2171
8160
8184
5580
2260
9515
1505
1340
7230
3555
1984
5214
6353
4112
2268
4243
2342
1119
6433
5681
1762
1169
635
5234
8188
8335
4112
5883
4431
6792
7021
4551
3882
3786
121
5392
4917
9368
7158
698
8895
4254
2133
8748
642
6366
7129
8971
5592
1749
5220
4421
9655
5664
8334
5015
1895
5621
3573
7708
9557
8079
462
9746
5056
873
9896
1418
2176
2678
7761
3964
9398
1051
1411
8805
1599
3578
8390
9326
4162
7052
6585
1546
7129
8921
6043
9883
5676
8119
3540
7922
7768
301
6577
8737
9631
5683
4955
2943
569
4040
2825
4599
1145
7680
8684
8941
8218
4728
5736
5695
504
2358
8851
6499
5771
7154
6358
3107
8493
2731
4944
9345
5741
5383
4154
9273
9612
2507
725
9554
1909
5923
5679
896
3210
2511
4213
2345
7769
9851
8003
9553
2125
505
7798
6357
2801
4108
6226
1697
6111
8532
9759
1630
455
7281
5502
6300
1515
6293
7978
4903
6471
7451
7546
1433
158
4366
4499
8716
2015
8568
1993
5002
1638
4168
4182
8323
335
7342
2932
362
1110
2758
3796
5388
8282
3182
2961
9822
5344
3862
7038
627
6243
6515
764
3863
3305
8656
4840
1162
32
6642
2017
2796
8232
3110
7255
4929
90
4522
847
4978
6390
1557
8131
7376
1579
4595
9878
6853
9678
9872
9589
6585
4909
4592
4649
4126
1790
3801
8729
9656
1201
7935
2349
6684
7236
5338
6797
6724
5733
5797
9143
4957
6434
3941
6384
1261
828
3668
9762
6708
2810
9497
5571
3150
1546
4070
390
2641
7858
7982
9419
1802
3029
5200
4881
2110
8417
2213
3852
8608
5269
9714
274
4190
3007
8618
1567
8376
7123
7636
7192
5807
9176
7860
1324
9813
2685
7336
5991
1062
8297
9809
2912
1794
2672
8988
8754
871
8577
9372
9976
3527
124
7222
4945
7115
2385
3081
1492
7700
8308
2152
4205
1353
892
7813
9988
4898
5643
139
8367
8576
9271
280
1246
6006
7879
1861
2596
7320
314
8772
7893
2655
7104
6389
6923
5367
7708
2869
5507
9605
3697
2739
1140
7223
6346
5424
3279
9834
8198
4947
82
3362
7184
7702
9079
2986
8924
4240
2138
1352
8606
3008
9847
5628
8676
6962
8785
373
2052
1329
9920
2352
5168
538
6610
1438
1317
281
8226
8048
6836
3171
1349
5490
2119
5663
8817
7377
6325
6513
4344
6570
6385
1587
6290
9969
4493
5778
3994
5594
6748
4019
8271
1400
3172
2529
1930
3136
6082
2437
6095
2201
3224
3616
4908
8482
3666
5047
9726
3791
5894
59
8547
7122
5113
419
2395
6930
2062
2825
1672
2939
4761
4543
4884
3362
2770
6172
81
194
2341
1590
5467
1448
1014
861
6170
4215
4723
5314
8548
9881
4977
8195
8687
7843
9864
1492
5844
2052
1355
5450
2287
6122
1199
9623
6915
3713
1885
1102
5610
5528
4498
5490
202
5153
8179
8799
4356
133
8638
9828
5861
8674
9820
8732
8095
3059
4835
5640
4082
5658
4104
4170
6868
5372
9009
5489
2384
4553
7689
3484
2586
262
6860
7052
7904
4873
610
7882
8077
6144
1625
3282
167
5391
7626
4571
664
6932
9710
8340
7561
7257
1498
5677
8058
5557
7093
911
3999
1535
746
5657
3493
1120
9913
4344
3282
7379
8423
9282
7321
1948
3910
335
6093
9059
2448
8740
221
3292
6573
4941
5150
9876
8452
151
4838
121
1837
8727
4372
1782
9989
1962
6302
2922
4267
4570
8354
3124
2711
8170
2590
6877
5226
3647
8427
7666
8609
8410
8867
7133
2019
678
2707
1823
4394
1306
4364
2092
2958
2252
7972
9218
9916
9043
2361
1527
3686
1175
6741
4927
8645
4039
2317
5575
105
8662
4740
5409
2417
4995
813
5468
2645
4723
6654
5807
9808
4269
1119
6434
6284
8290
9057
9944
6054
5031
3403
7421
4032
9281
3728
3864
8901
5420
5565
8894
2791
1304
7614
4419
3300
7936
720
1741
8567
6312
3409
2647
6459
2658
5204
6638
26
573
816
5836
2500
4972
9368
7982
4795
7086
3237
9028
9099
2718
2992
1573
5607
665
3564
5757
4047
9992
1999
3236
9245
3017
5585
587
670
2558
7678
6310
702
6146
486
1969
2332
8899
2643
2976
3037
4641
4234
9079
4252
9905
9578
8786
4367
5550
9682
4066
2356
669
5967
9221
987
8395
4179
8256
413
2869
5169
6876
650
291
1205
1323
1041
5091
6769
5205
728
8590
6737
7539
3707
7033
7264
3927
753
5881
8052
550
5146
2227
3796
1396
7828
7312
6441
4170
7085
7258
6130
2997
1683
6294
674
4126
935
5150
9669
738
3680
5241
2672
5550
5340
3497
9461
5401
7153
9040
5046
9614
8626
2768
2833
7524
8429
526
8937
1644
2977
6018
7173
9510
5741
5502
5730
959
8579
4264
5940
7003
1995
4998
4569
6348
4468
8469
2782
1821
4949
2822
3803
7469
322
3766
314
8443
122
5176
870
5786
8973
4113
7405
9713
9787
7759
5479
4962
9672
7767
17
9508
5739
9722
2754
9088
9301
2899
7807
6197
7951
6847
7129
4408
4973
5642
2388
6491
8031
66
9763
360
5109
7242
9327
6139
3250
1197
5767
9690
6842
7581
289
8321
9445
2263
4846
9934
2197
5157
7067
8678
2820
1664
8163
5394
6967
9535
8643
2602
3103
4848
2006
379
5950
3282
8542
6312
3350
509
1380
8779
3117
5663
6663
9526
7245
9059
2928
7771
5432
8256
6790
9908
8408
9003
1341
7023
6660
7114
3834
7642
5343
9655
2097
4695
7883
5388
2735
2748
7435
9169
5940
8426
3718
4752
2856
3607
9655
3009
4798
5546
8304
9639
3846
6707
8431
9606
2076
8340
4985
8479
3229
656
2179
9449
5002
5951
5824
9406
9590
8891
1445
2975
7641
6394
9064
2469
4839
824
3574
9413
171
2464
2419
1855
3740
3782
6588
5972
3202
2484
5593
2561
689
6640
3919
9644
5316
8775
5490
1306
2902
8344
9975
106
921
1951
1511
6242
233
2444
415
5844
26
7343
3701
2028
2190
467
1493
3497
5428
1252
1769
213
1178
4990
4343
8451
3187
8164
4948
9748
467
9225
1398
3446
1271
4094
4119
9946
4113
1673
7446
4128
3745
5534
9064
5857
4784
5373
6748
5721
1030
2503
8043
8847
7899
8430
5678
4962
3402
6921
106
5969
1106
5328
2950
4023
9494
5290
2461
7602
2804
2449
6191
5455
1955
2399
1458
5955
2101
3239
5302
9720
4252
7522
1989
706
217
4244
473
6541
415
1402
3944
2437
6038
1603
5339
9409
5596
9864
92
5133
5974
3225
5245
1107
6356
6838
9686
8230
3058
5238
9078
7370
1306
408
6251
2691
5255
3412
556
1256
3701
7388
499
3300
5876
7252
5432
4185
9404
6139
1657
8369
6842
2261
9894
8210
5256
7607
248
8141
9930
8767
994
6884
3429
9309
1695
8869
2170
9345
3019
7736
9056
2370
1774
1025
6560
5032
5891
6177
6106
4984
9654
9104
1380
9785
732
4751
5139
5207
9373
2301
658
3268
4956
3736
3183
6854
7975
9134
7269
4401
4105
879
8468
9729
2237
7408
6189
2771
2750
6655
4185
4817
3433
8222
9402
4377
6516
7726
6185
6570
9768
6170
7549
1210
2841
5644
4765
9718
742
8656
989
7878
2828
5123
3221
7564
9637
9959
5520
954
8190
6294
847
1261
4550
528
989
9865
4945
3396
7342
4370
4861
4519
9488
4965
8508
5859
2020
8337
4384
6319
1126
2741
8022
5319
39
9415
8120
5352
6524
3470
8550
5098
8079
5005
8815
6762
2115
3613
4969
3235
9126
3734
6000
4345
5135
1545
683
1458
6934
5756
602
1120
2515
5587
3244
6927
5870
5991
7677
4616
5557
7270
8348
8096
7149
3512
1194
3552
9120
6393
3502
3073
437
8967
5254
3123
8685
5130
40
7371
9368
2026
6967
2135
4728
5330
2401
3951
8670
2432
5749
8090
1889
5989
1426
5802
1853
1743
90
5141
5207
4464
6245
6033
6751
1339
3874
1531
1214
7451
6104
7987
911
2336
7675
3752
2570
3383
4171
4300
7515
9284
6246
1299
9889
7887
5405
7886
4787
376
2595
350
3101
6888
4802
3127
2328
4182
5544
6787
8231
5026
4831
8143
7389
6097
8059
6230
3773
7958
1612
8296
8713
9017
6947
7767
9292
8839
2320
7006
4131
4934
7370
7663
2293
5043
6136
5079
1092
5386
4349
5183
3628
593
7633
5330
9848
4354
9273
7062
7604
6211
7049
3801
5964
8131
7136
2745
4643
8563
1617
6672
7233
510
4834
955
820
6439
7261
6261
583
6286
9284
7812
2672
3294
2977
6832
658
5446
7819
2123
7027
7810
9317
2594
2744
4677
1745
4959
7293
133
274
8455
6337
1059
1343
7943
5149
3558
7923
9862
8229
6163
3489
70
455
6571
9556
8893
9041
5217
2405
7627
6367
7286
6278
663
6034
563
9371
9946
7516
7330
7176
6871
295
4282
6213
1158
5541
517
4751
5164
8930
2207
1096
6249
2086
2237
14
8109
4295
3848
233
4695
8876
2277
2526
4348
5916
6562
5041
609
3764
687
3543
1733
6663
9318
713
9629
5872
1240
8805
8765
2131
6038
6782
5072
1041
9433
1779
4853
9514
7102
7933
1910
5213
8785
6834
4853
171
9269
8615
4886
1930
6766
5027
8163
597
843
6510
5104
8929
4371
6600
3436
1146
139
1174
2208
2091
7857
343
8919
7469
2440
6372
474
71
2336
8438
5911
7443
9953
642
6861
2801
8980
4335
4215
1429
1518
1369
7090
764
3482
9821
7277
3868
9106
8148
9132
505
6154
9517
5449
4275
4953
6595
2888
2413
1556
2110
4405
2697
761
2085
1484
2110
693
113
5076
3340
8946
8892
9609
7686
1313
9448
3092
7486
9983
7853
7210
1230
663
3322
9294
7938
9109
6813
6003
4804
5890
7613
9554
7599
7409
1508
3525
4309
1620
5403
6766
5468
5580
3757
9718
8787
7291
3165
2774
3634
8104
9860
9883
6239
8510
2146
4378
4669
4913
518
7584
9871
5742
3352
8708
8603
3694
2484
7452
9881
167
6017
1017
6250
9487
1807
2096
6518
2046
9888
4613
9453
3086
5693
8326
5503
9298
9465
4081
1976
2448
9426
899
3283
1212
7107
5342
7375
3427
2919
4375
7199
5537
4841
6809
6122
8063
4823
9977
8211
8716
1220
9143
8132
6695
4188
6013
7891
6550
4850
5799
5751
9207
9174
5520
8323
7856
146
3669
6912
676
1091
2471
6154
8357
9685
2275
7281
9905
7319
4982
1183
315
1790
1679
2649
3558
6230
2293
6639
7760
1058
5585
1549
5673
9972
4394
3332
3870
1001
7211
9187
8118
3596
9091
9038
9321
2618
2313
9105
440
3557
5882
542
6717
5698
7857
8066
9152
558
5825
1093
9586
1053
9666
1632
4634
9075
2533
6281
5930
1803
470
362
8413
3524
8221
497
1871
9884
9281
9568
3145
7525
2730
4227
2167
9012
2225
9713
2536
5176
3238
6684
850
8295
6174
4307
2399
6308
1975
2087
1992
9821
4425
7419
2748
7041
7738
7428
5484
847
334
5264
7095
8409
5338
8051
9709
4855
5363
60
9058
904
7784
3862
6082
8596
7145
1866
1035
8845
5650
6242
9227
483
7959
4232
6871
4646
2030
1613
8533
2806
7844
1766
2934
4711
3469
673
3427
9009
8524
1349
6867
4995
8618
2567
9575
3607
39
5289
3331
5265
2938
2125
9609
3841
4887
2711
3474
6376
6284
5936
5388
9431
6471
3671
7883
3714
5032
2226
3021
4452
7742
3266
5279
8652
6433
260
7285
7637
5884
372
7962
3444
2373
7212
4404
762
4186
1499
7474
9801
6025
3329
406
8708
5068
8485
4569
3247
575
9225
783
4661
63
150
8712
2040
9713
4401
3824
3266
8572
7791
8324
2330
2373
7685
7265
1619
1253
8919
6827
1967
4793
3778
6966
6273
6181
3862
3493
7984
6597
427
7261
5847
9106
5812
6133
361
1934
3217
4476
7714
8204
7294
3206
2008
1838
5449
9748
2816
6957
8897
6928
9662
719
4186
4338
2980
3224
6093
2018
619
3407
1675
8379
9712
8283
738
647
6485
8443
3625
4188
712
3823
549
5843
8593
5126
3566
18
2293
3236
9228
6213
8088
3824
8043
1485
287
520
1693
5236
7699
6385
7102
8540
8786
8894
2291
1780
7471
2396
12
8886
9354
9129
3400
2112
5658
7823
5160
8573
8278
3552
3900
8991
7875
3279
7017
6811
1912
201
8620
6880
8445
8014
3096
6133
5122
2096
9067
7087
6700
8743
5839
1869
8218
8526
1372
1440
357
557
9530
8921
8774
2836
7636
6513
6018
7153
4249
5791
4240
9279
572
8586
9180
7099
9436
4075
3204
5747
9325
1037
4367
5246
2325
8068
3773
9922
5523
8871
3512
5366
5657
2572
9834
5812
7194
2831
5034
7530
1310
9006
8286
8030
4451
7316
7092
4156
1310
1808
7275
6205
9791
4865
60
7093
6307
6913
2982
7737
1554
2554
4263
92
72
6265
3622
9413
2305
526
6173
9998
3229
4541
6885
443
7380
8436
9609
3044
2275
4233
1004
3921
2180
7472
9111
3138
6252
2230
7259
4424
7373
5901
6916
5475
236
692
8910
8969
9597
2161
2609
4864
10
7134
7080
2328
4051
7886
9456
6072
8911
4794
7916
4931
1040
8237
3733
3831
5429
8056
1438
4210
6745
706
9669
6497
3352
6176
421
8502
7106
8093
2089
4501
7032
4278
5868
3259
2820
821
6268
2636
8309
4551
9692
8039
3911
4396
5224
5384
6065
3243
6340
5227
5864
6831
9981
6407
9617
6067
5201
7615
4
2581
2394
7008
4652
4729
2069
8999
4826
4893
2001
7683
5369
9060
5123
1410
7261
4930
23
6443
7013
3731
1760
9271
2367
8120
4656
4204
1034
4383
7828
8711
439
3549
4375
4246
8569
3835
2503
5872
7275
6347
4788
5474
3873
6773
5156
8630
7446
7250
9651
1105
8756
100
5752
9130
7395
5952
1043
6546
8184
361
4419
5
5071
9834
4148
6059
3044
3984
5109
1034
682
7106
3879
9644
7358
5118
482
4057
7574
3921
8034
4465
5571
82
5406
3544
8070
3499
7529
414
8095
2533
65
9658
2128
4784
165
9810
6640
5644
6500
7514
283
86
2912
3030
9191
7282
642
462
209
2306
7
9773
4086
4336
7319
8790
5054
318
3270
5620
1010
7127
6004
9499
3454
3569
4031
3536
9873
3394
3624
1506
2354
1980
739
2852
9853
2087
9176
3129
2331
5065
8134
5546
4528
2852
3335
6950
4029
1420
3695
6295
